# Created by Octave 4.2.1, Sat Apr 21 11:07:35 2018 GMT <unknown@unknown>
# name: Theta2
# type: matrix
# rows: 10
# columns: 26
 -1.50508481222708 -1.973580515802704 -2.116895820013525 1.419380776146059 0.7883078475514236 -0.8946780767110463 1.832599763363431 1.719500348215754 1.775162422941019 -1.909200273822877 0.4394289053924428 -1.079147383542584 -3.03675041347539 0.4418176261506345 0.5851156547155423 -0.9839587183543945 -0.08623382918674327 -0.9994284047852429 0.2103692243732476 1.156963043212566 -1.561497698069294 -1.142730330544765 -0.6219734699039534 0.2992796165992497 -1.61109420958791 -0.9283585221468021
 -1.319979863254256 0.6677679003108882 1.083452849660873 1.358544564357517 -1.177130453159303 -2.057018572693824 -1.501689741854857 -2.756378284310919 0.5408995353634339 -2.421693430172302 3.011626760640674 0.291098582512348 0.4923772971431282 0.02719805009489601 -1.4084939782861 0.9509735298902446 -1.92884232593236 2.292787261869088 -2.751653158093474 1.352724829886556 -2.4885958743934 -1.522224436794312 -1.17646727105703 -1.058729747629587 0.4975975831334277 0.2290593089033613
 -1.069572556737158 0.912056693242513 1.368995876287403 1.190560244067479 1.719391911056795 -2.991110722616324 -2.27558723906508 2.165769105066311 -0.4295999029334024 -2.155085076109717 -2.263129775408642 0.1181352539814657 -0.7663946718988591 0.2333140940258649 -0.3364459768043828 -1.201406617298221 -1.611973992153202 1.802470954196743 0.321890081628847 -2.579817570538097 1.218932605017954 0.6651996548470679 -2.101832459655446 -1.033255572380103 -2.030300657978302 -1.718556648682991
 -0.9704475682151376 -1.760583872175251 0.3152288005805829 -1.547249731054441 -1.937412316237919 0.8058214053459073 2.02601768171161 1.825018206674631 -2.538941441869703 0.4926453990576806 -1.024281156854901 1.535781566860825 -1.350633445822842 -0.237430438361377 1.723480599036934 0.7970527110811458 -2.752822444416006 -0.3884147674376384 -2.57730804795603 -1.707861177173968 -2.729447810841137 1.663792138140396 -2.468317450032268 -0.4271463089393917 0.8516927219199358 1.645242534021551
 0.385046504984311 0.9032205127066201 -2.450209809668343 -0.7358888024522848 -3.376743738355286 0.03239405624072328 -2.255529879994458 -1.18389881584461 0.3538725638152401 0.4156959623481529 0.4966409801740653 -3.213735097707596 -0.8840567138616946 2.437436097830838 -0.7447543225948478 1.278484937251771 1.838910501065375 -2.614230865757968 1.875359426317371 -1.685954860200466 0.6496671048998788 1.571546075908478 -2.278176755555632 -1.472391588039548 -2.135389668526037 2.034236176164942
 -0.9510988080659414 -1.973169898111369 0.8694923803090518 1.723883803040198 -1.551111115568314 0.4662020741789932 1.869186404733112 -1.167602077385967 0.9884359059747194 -0.09430759191684193 -1.169825168542316 -2.195747924139289 -0.9565048822772051 -2.979964495270321 -2.660201512666859 -2.067221346713548 0.7462510556699726 -1.736426296954391 -1.5886781493436 0.1684289938679391 -1.16318964132996 1.202059747236551 1.887728530800129 0.2043118137894199 0.7256898569259979 0.05606488643602443
 -1.027457514939248 -3.07932568623337 -1.207497464605488 -1.133401841585785 0.7031653053198418 1.620407171151881 -0.2020096962989389 -0.2076456820784252 -2.190764558676634 0.1882657135637131 0.9477661029795156 -0.2698568239644983 0.2250344636036271 -0.1532640666268032 0.8186950347336128 0.7433804476654577 -2.862085751554703 0.8647593057262546 0.509096737684842 1.089305875274895 0.7163151085401139 0.1291526818019823 1.809235489355414 -2.716497924201554 -1.720478870078731 -2.551636435997068
 -2.138904902888775 -0.9617939987621932 2.000472426257654 -4.060739707576931 1.860549312048776 -3.290147078813908 -1.110102544561038 -2.571233283910115 0.5656427599308138 0.5487329518933969 1.080573020104183 -0.2162281880327153 -0.2306202569051553 -0.08471559045376081 0.749619013528868 -1.164799413254765 1.035601782616763 -2.29034225633869 -0.8200203899831461 -2.221404028692199 -0.5966649196131386 -2.393655014758394 -1.964364304406407 1.396522715441995 2.867029506397527 -1.060945008455014
 -1.352692898760502 0.2045527383252137 -1.437984053401992 -1.25593590142729 0.6836642562659827 -0.3556203734764252 -0.6545570188697638 -0.6927121501641303 -2.374314610582654 1.161787757801506 -1.609165305457551 0.4624435584804843 -1.5430049341896 0.4806892141568725 -1.692395036503206 -2.390433504878598 -1.669279679761634 -0.673466630862953 -1.676535203952561 -1.077354480465195 1.967830426435026 -3.181290991596981 2.881287978440561 2.285708714953802 -1.111768488959654 2.709737078706664
 -1.175274823797536 0.4084216097127568 -0.1730339576035397 -3.072885755834562 -1.478025071728815 2.031228193070619 -2.341681456333916 -1.403942932079266 -2.398320726187596 -1.276826474156618 -2.754470241227678 1.077272308868498 -0.1999994724656718 -1.904076801371172 -3.151803802560157 0.1635430704027533 1.374376405252584 0.04435877084277571 1.535523296314061 1.924274063145666 -0.3388256330546396 -0.3189222279013171 -1.146920955373369 -1.000592240017914 1.744404477197358 -2.440270119216229


